      14  e_temp                 0.00000   0.00000  2  0  0  0  0  1  0  1
      14  1  1.000            14       0       0       0       0
      15  Grho0                  0.00000   0.00000  2  0  0  0  0  1  0  1
      15  1  1.000            15       0       0       0       0
      16  GSigma0                0.00000   0.00000  2  0  0  0  0  1  0  1
      16  1  1.000            16       0       0       0       0
      17  Gphi                   0.00000   0.00000  2  0  0  0  0  1  0  1
      17  1  1.000            17       0       0       0       0
      18  Getap                  0.00000   0.00000  2  0  0  0  0  1  0  1
      18  1  1.000            18       0       0       0       0
      19  Gomega                 0.00000   0.00000  2  0  0  0  0  1  0  1
      19  1  1.000            19       0       0       0       0
      20  Geta                   0.00000   0.00000  2  0  0  0  0  1  0  1
      20  1  1.000            20       0       0       0       0
      21  Gpi0                   0.00000   0.00000  2  0  0  0  0  1  0  1
      21  1  1.000            21       0       0       0       0
      22  Gamma                   0.00000   0.00000  2  0  0  0  0  1  0  1
      22  1  1.000            22       0       0       0       0
     211  Pion(+)                0.13957   0.00000  1  0  0  0  1  3  1  1
     211  1  1.000           211       0       0       0       0
     111  Pion(0)                0.13498   0.00000  1  0  0  0  1  3  0  3
     111  2  0.988            21      21       0       0       0
     111  3  0.012            21      14      14       0       0
     111  1  0.000           111       0       0       0       0
    -211  Pion(-)                0.13957   0.00000  1  0  0  0  1  3 -1  1
    -211  1  1.000          -211       0       0       0       0
     213  rho(+)                0.77580   0.15030  3  0  0  0  2  3  1  1
     213  2  1.000           211     111       0       0       0
     113  rho(0)                0.77580   0.15030  3  0  0  0  2  3  0  2
     113  2  0.990           211    -211       0       0       0
     113  3  0.010           211    -211      15       0       0
    -213  rho(-)                0.77580   0.15030  3  0  0  0  2  3 -1  1
    -213  2  1.000          -211     111       0       0       0
    2224  Delta1232(++)         1.23200   0.12000  4  1  0  0  0  4  2  1
    2224  2  1.000          2212     211       0       0       0
    2214  Delta1232(+)          1.23200   0.12000  4  1  0  0  0  4  1  3
    2214  2  0.663          2212     111       0       0       0
    2214  2  0.331          2112     211       0       0       0
    2214  2  0.006          2212      22       0       0       0
    2114  Delta1232(0)          1.23200   0.12000  4  1  0  0  0  4  0  3
    2114  2  0.663          2112     111       0       0       0
    2114  2  0.331          2212    -211       0       0       0
    2114  2  0.006          2112      22       0       0       0
    1114  Delta1232(-)          1.23200   0.12000  4  1  0  0  0  4 -1  1
    1114  2  1.000          2112    -211       0       0       0
